{
  "advancedEditorSelectedIdentifier" : "ProjectBrowser",
  "openSceneRelativePaths" : [
    "World4Scene.usda"
  ],
  "recentIdentifiers" : {
    "02C72FF7-9D3D-4CE6-A638-A41AA2C510E8" : [

    ],
    "1034B2E2-64C9-4E1C-869B-9E14E326AF93" : [

    ],
    "ADD8744E-DBD9-49A3-BEF4-4E980039B6B2" : [

    ]
  },
  "sceneCameraHistory" : {
    "2AC75C3C-000F-4348-8DB9-07A84BE10688" : [
      {
        "date" : 744998816.929322,
        "title" : "Untitled",
        "transform" : [
          0.99999994,
          0,
          0,
          0,
          0,
          0.8660254,
          -0.49999988,
          0,
          0,
          0.49999988,
          0.8660254,
          0,
          0,
          0.20706104,
          0.35864025,
          1
        ]
      },
      {
        "date" : 744998796.401069,
        "title" : "Untitled",
        "transform" : [
          0.99999994,
          0,
          -0,
          0,
          -0,
          0.8660254,
          -0.49999988,
          0,
          0,
          0.49999988,
          0.8660254,
          0,
          0,
          0.2083058,
          0.36079624,
          1
        ]
      }
    ],
    "02C72FF7-9D3D-4CE6-A638-A41AA2C510E8" : [
      {
        "date" : 744992671.440391,
        "title" : "Untitled",
        "transform" : [
          0.99999994,
          0,
          -0,
          0,
          -0,
          0.8660255,
          -0.49999988,
          0,
          0,
          0.49999988,
          0.8660255,
          0,
          0,
          0.20662752,
          0.35788938,
          1
        ]
      }
    ],
    "8E7C0E21-0C3B-470F-93C2-6DF642B46254" : [
      {
        "date" : 744998761.635488,
        "title" : "Untitled",
        "transform" : [
          0.9964922,
          -2.339609e-09,
          -0.08368639,
          0,
          -0.04007217,
          0.87790364,
          -0.4771577,
          0,
          0.07346858,
          0.4788374,
          0.87482405,
          0,
          0.09063527,
          0.25311002,
          0.5116939,
          1
        ]
      },
      {
        "date" : 744998743.246441,
        "title" : "Untitled",
        "transform" : [
          0.99856806,
          -6.068095e-10,
          -0.053495325,
          0,
          -0.012596341,
          0.97188246,
          -0.23512901,
          0,
          0.051991172,
          0.23546615,
          0.9704908,
          0,
          0.021660129,
          0.09809799,
          0.4043178,
          1
        ]
      },
      {
        "date" : 744998536.978314,
        "title" : "Untitled",
        "transform" : [
          0.99999994,
          0,
          -0,
          0,
          -0,
          0.8660254,
          -0.49999988,
          0,
          0,
          0.49999988,
          0.8660254,
          0,
          0,
          0.2083058,
          0.36079624,
          1
        ]
      }
    ],
    "1034B2E2-64C9-4E1C-869B-9E14E326AF93" : [
      {
        "date" : 744998134.543772,
        "title" : "Untitled",
        "transform" : [
          0.99687976,
          -1.607372e-09,
          0.078935325,
          0,
          0.008593684,
          0.99405605,
          -0.1085302,
          0,
          -0.07846612,
          0.10886987,
          0.9909542,
          0,
          -0.06317201,
          0.087649755,
          0.79780376,
          1
        ]
      },
      {
        "date" : 744998127.488564,
        "title" : "Untitled",
        "transform" : [
          0.99837416,
          -1.2956516e-09,
          -0.057000935,
          0,
          -0.017527906,
          0.9515474,
          -0.30700222,
          0,
          0.054239087,
          0.30750215,
          0.9500002,
          0,
          0.04366715,
          0.2475659,
          0.76483226,
          1
        ]
      },
      {
        "date" : 744998123.497596,
        "title" : "Untitled",
        "transform" : [
          0.99534637,
          6.844678e-10,
          0.09636109,
          0,
          0.00076206,
          0.9999687,
          -0.00787154,
          0,
          -0.09635808,
          0.007908328,
          0.99531525,
          0,
          -0.07757659,
          0.006366971,
          0.80131483,
          1
        ]
      },
      {
        "date" : 744998107.372343,
        "title" : "Untitled",
        "transform" : [
          0.9927427,
          6.227374e-11,
          0.12025755,
          0,
          0.030565504,
          0.96716034,
          -0.25232244,
          0,
          -0.11630834,
          0.254167,
          0.96014136,
          0,
          -0.09363827,
          0.20462649,
          0.7729968,
          1
        ]
      },
      {
        "date" : 744997980.917432,
        "title" : "Untitled",
        "transform" : [
          0.9927427,
          6.227374e-11,
          0.12025755,
          0,
          0.030565504,
          0.96716034,
          -0.25232244,
          0,
          -0.11630834,
          0.254167,
          0.96014136,
          0,
          -0.095207624,
          0.20805599,
          0.7859521,
          1
        ]
      },
      {
        "date" : 744997761.237695,
        "title" : "Untitled",
        "transform" : [
          1,
          0,
          0,
          0,
          0,
          0.8660254,
          -0.5,
          0,
          0,
          0.5,
          0.8660254,
          0,
          0,
          0.40928984,
          0.7089107,
          1
        ]
      },
      {
        "date" : 744997663.039821,
        "title" : "Untitled",
        "transform" : [
          1,
          0,
          0,
          0,
          0,
          0.8660254,
          -0.5,
          0,
          0,
          0.5,
          0.8660254,
          0,
          0,
          0.40931296,
          0.70895076,
          1
        ]
      },
      {
        "date" : 744997647.001781,
        "title" : "Untitled",
        "transform" : [
          1,
          0,
          -0,
          0,
          -0,
          0.8660254,
          -0.5,
          0,
          0,
          0.5,
          0.8660254,
          0,
          0,
          0.22525738,
          0.39015725,
          1
        ]
      }
    ],
    "ADD8744E-DBD9-49A3-BEF4-4E980039B6B2" : [
      {
        "date" : 744993879.98905,
        "title" : "Untitled",
        "transform" : [
          -0.6869858,
          -1.2374056e-05,
          0.72667104,
          0,
          0.07836954,
          0.9941662,
          0.07410643,
          0,
          -0.7224329,
          0.10785893,
          -0.68297666,
          0,
          -1.685065,
          0.31618446,
          -1.1522492,
          1
        ]
      },
      {
        "date" : 744993788.863115,
        "title" : "Untitled",
        "transform" : [
          -0.86708546,
          -1.23712e-05,
          0.4981595,
          0,
          0.09062205,
          0.98331064,
          0.15775907,
          0,
          -0.48984778,
          0.18193483,
          -0.852613,
          0,
          -1.1230532,
          0.49182788,
          -1.5411274,
          1
        ]
      },
      {
        "date" : 744993732.777105,
        "title" : "Untitled",
        "transform" : [
          -0.8416939,
          -1.2370892e-05,
          0.53995514,
          0,
          0.07679108,
          0.98983276,
          0.11972618,
          0,
          -0.53446704,
          0.14223655,
          -0.83313495,
          0,
          -1.2069077,
          0.41517836,
          -1.4997392,
          1
        ]
      },
      {
        "date" : 744993725.566149,
        "title" : "Untitled",
        "transform" : [
          -0.52323866,
          -1.2372772e-05,
          0.85218626,
          0,
          0.38066888,
          0.89468205,
          0.23374192,
          0,
          -0.7624388,
          0.4467036,
          -0.46812716,
          0,
          -1.4103209,
          0.9713447,
          -0.62412703,
          1
        ]
      },
      {
        "date" : 744993716.398934,
        "title" : "Untitled",
        "transform" : [
          0.23802324,
          -1.2356638e-05,
          -0.9712594,
          0,
          -0.21356952,
          0.9755241,
          -0.05235114,
          0,
          0.9474878,
          0.21989231,
          0.23219451,
          0,
          1.8321047,
          0.5633422,
          0.23683345,
          1
        ]
      },
      {
        "date" : 744993693.413603,
        "title" : "Untitled",
        "transform" : [
          0.80107987,
          -1.2357153e-05,
          -0.5985574,
          0,
          -0.19161744,
          0.9473676,
          -0.25647092,
          0,
          0.5670573,
          0.32014784,
          0.75891465,
          0,
          1.1917672,
          0.7484895,
          1.2507434,
          1
        ]
      },
      {
        "date" : 744993691.954274,
        "title" : "Untitled",
        "transform" : [
          0.98694927,
          -1.2357286e-05,
          -0.16103213,
          0,
          -0.05256395,
          0.94520044,
          -0.32223138,
          0,
          0.15221182,
          0.32649058,
          0.9328641,
          0,
          0.76614153,
          0.75527906,
          1.4803654,
          1
        ]
      },
      {
        "date" : 744993685.148495,
        "title" : "Untitled",
        "transform" : [
          0.74250126,
          -1.2357105e-05,
          -0.66984487,
          0,
          -0.22796796,
          0.94030154,
          -0.2527124,
          0,
          0.62985927,
          0.3403425,
          0.698172,
          0,
          1.2471365,
          0.7700431,
          1.1717253,
          1
        ]
      },
      {
        "date" : 744993659.88339,
        "title" : "Untitled",
        "transform" : [
          0.82208323,
          -1.2360802e-05,
          -0.56936747,
          0,
          -0.31944898,
          0.8277654,
          -0.46125552,
          0,
          0.47130847,
          0.5610743,
          0.68048793,
          0,
          1.029825,
          0.99207187,
          1.0809243,
          1
        ]
      },
      {
        "date" : 744993653.536395,
        "title" : "Untitled",
        "transform" : [
          0.78281295,
          -1.2360785e-05,
          -0.6222572,
          0,
          -0.34848398,
          0.8284622,
          -0.4384168,
          0,
          0.515522,
          0.56004506,
          0.64852643,
          0,
          0.95570135,
          0.9454236,
          1.0405815,
          1
        ]
      }
    ],
    "AF09ED6F-1707-48FD-8720-65B998362C09" : [
      {
        "date" : 744992557.702293,
        "title" : "Untitled",
        "transform" : [
          1,
          0,
          0,
          0,
          0,
          0.8660258,
          -0.49999934,
          0,
          0,
          0.49999934,
          0.8660258,
          0,
          0,
          4.767494,
          6.132348,
          1
        ]
      },
      {
        "date" : 744992556.549324,
        "title" : "Untitled",
        "transform" : [
          1,
          0,
          0,
          0,
          0,
          0.8660258,
          -0.49999934,
          0,
          0,
          0.49999934,
          0.8660258,
          0,
          0,
          4.671576,
          6.0089693,
          1
        ]
      },
      {
        "date" : 744992227.797673,
        "title" : "Untitled",
        "transform" : [
          1,
          0,
          -0,
          0,
          -0,
          0.8660258,
          -0.49999934,
          0,
          0,
          0.49999934,
          0.8660258,
          0,
          0,
          4.749871,
          6.1096783,
          1
        ]
      }
    ],
    "D24800BA-358F-4E95-B90A-412BBC109084" : [
      {
        "date" : 744998497.15969,
        "title" : "Untitled",
        "transform" : [
          0.9972432,
          -3.2900007e-09,
          -0.07420262,
          0,
          0.011667848,
          0.98756,
          0.15680951,
          0,
          0.07327954,
          -0.15724298,
          0.9848374,
          0,
          0.025401456,
          -1.044735,
          1.1559309,
          1
        ]
      },
      {
        "date" : 744998450.560703,
        "title" : "Untitled",
        "transform" : [
          0.98931116,
          -2.520367e-09,
          -0.14581983,
          0,
          0.042413056,
          0.9567659,
          0.28775036,
          0,
          0.13951541,
          -0.2908593,
          0.9465391,
          0,
          0.08614943,
          -1.1928625,
          0.9989743,
          1
        ]
      },
      {
        "date" : 744998443.240707,
        "title" : "Untitled",
        "transform" : [
          0.9928851,
          -5.9610067e-10,
          -0.119076796,
          0,
          -0.00969125,
          0.99668264,
          -0.0808075,
          0,
          0.118681766,
          0.08138656,
          0.9895913,
          0,
          0.075628445,
          -1.0048784,
          1.0207157,
          1
        ]
      },
      {
        "date" : 744998433.893576,
        "title" : "Untitled",
        "transform" : [
          0.9995351,
          1.0616258e-10,
          -0.030487796,
          0,
          -0.012116802,
          0.91763186,
          -0.39724657,
          0,
          0.027976574,
          0.39743125,
          0.91720533,
          0,
          0.012609294,
          0.17912583,
          0.4133925,
          1
        ]
      },
      {
        "date" : 744998416.018217,
        "title" : "Untitled",
        "transform" : [
          0.99583143,
          1.0181944e-10,
          -0.09121239,
          0,
          -0.04306557,
          0.8815203,
          -0.4701779,
          0,
          0.08040558,
          0.472146,
          0.8778457,
          0,
          0.03623951,
          0.21280043,
          0.39565277,
          1
        ]
      },
      {
        "date" : 744998268.056115,
        "title" : "Untitled",
        "transform" : [
          0.99999994,
          0,
          0,
          0,
          0,
          0.8660254,
          -0.49999988,
          0,
          0,
          0.49999988,
          0.8660254,
          0,
          0,
          0.2253544,
          0.39032528,
          1
        ]
      },
      {
        "date" : 744998171.747702,
        "title" : "Untitled",
        "transform" : [
          0.99999994,
          0,
          -0,
          0,
          -0,
          0.8660254,
          -0.49999988,
          0,
          0,
          0.49999988,
          0.8660254,
          0,
          0,
          0.21391886,
          0.37051836,
          1
        ]
      }
    ],
    "D66134B1-3681-4A8E-AFE5-29F257229F3B" : [
      {
        "date" : 744992879.306161,
        "title" : "Untitled",
        "transform" : [
          0.99999994,
          0,
          -0,
          0,
          -0,
          0.8660254,
          -0.49999994,
          0,
          0,
          0.49999994,
          0.8660254,
          0,
          0,
          0.17477095,
          0.30291218,
          1
        ]
      }
    ],
    "EF082BB6-1C14-40CC-B66F-E4BFF03336D1" : [
      {
        "date" : 744998948.431912,
        "title" : "Untitled",
        "transform" : [
          0.99999994,
          0,
          -0,
          0,
          -0,
          0.8660254,
          -0.49999988,
          0,
          0,
          0.49999988,
          0.8660254,
          0,
          0,
          0.2083058,
          0.36079624,
          1
        ]
      }
    ],
    "F51CCDB3-E6F1-4A86-9A5F-8F9B0FF4272A" : [
      {
        "date" : 744992869.496152,
        "title" : "Untitled",
        "transform" : [
          1,
          0,
          -0,
          0,
          -0,
          0.8660254,
          -0.5,
          0,
          0,
          0.5,
          0.8660254,
          0,
          0,
          0.17446065,
          0.30217475,
          1
        ]
      }
    ]
  },
  "selectedSceneRelativePath" : "World4Scene.usda"
}